%YAML:1.0
---
calibration_time: "Wednesday 08 July 2020 12:56:34 PM IST"
nr_of_frames: 25
image_width: 640
image_height: 480
board_width: 9
board_height: 6
square_size: 50.
fix_aspect_ratio: 1.
# flags: +fix_aspectRatio +fix_principal_point +zero_tangent_dist +fix_k4 +fix_k5
flags: 6158
fisheye_model: 0
camera_matrix: !!opencv-matrix
   rows: 3
   cols: 3
   dt: d
   data: [ 8.0224005065828658e+02, 0., 320., 0., 8.0224005065828658e+02,
       240., 0., 0., 1. ]
distortion_coefficients: !!opencv-matrix
   rows: 5
   cols: 1
   dt: d
   data: [ -4.2984364009369891e-02, -4.2351821359661940e-01, 0., 0.,
       3.9269280174185668e+00 ]
avg_reprojection_error: 1.0002876409909285e+00
per_view_reprojection_errors: !!opencv-matrix
   rows: 25
   cols: 1
   dt: f
   data: [ 2.77099073e-01, 4.46660548e-01, 5.72301626e-01,
       6.49961591e-01, 2.35690665e+00, 8.12064171e-01, 3.40148497e+00,
       7.10700512e-01, 6.92342818e-01, 6.25900328e-01, 4.58759964e-01,
       4.69215155e-01, 5.91800332e-01, 8.14507484e-01, 6.79630816e-01,
       3.16766053e-01, 6.90053225e-01, 6.53541744e-01, 6.60146296e-01,
       5.75876713e-01, 3.92715544e-01, 2.71491766e-01, 2.97504187e-01,
       6.43131077e-01, 6.48138523e-01 ]
# a set of 6-tuples (rotation vector + translation vector) for each view
extrinsic_parameters: !!opencv-matrix
   rows: 25
   cols: 6
   dt: d
   data: [ -2.6271571524210185e-01, -1.7776706383583596e-01,
       1.1866908088123089e-02, -1.0504157361097799e+02,
       -1.0245591729767652e+02, 1.1882719149895256e+03,
       -6.0662143973212013e-01, -4.4434261642383954e-02,
       -5.6359933243758835e-03, -1.3071088245501221e+02,
       -6.2719341388712184e+00, 1.2608905338648124e+03,
       -9.1964033648696752e-01, -2.5071025306325139e-02,
       -3.7501881306116487e-02, -1.1520651539375103e+02,
       1.8705934790527415e+01, 1.2528167432360910e+03,
       -1.0649365543829561e+00, 1.8923409790028635e-03,
       -3.2212632739955435e-02, -1.1008280972096178e+02,
       6.6806759038149028e+00, 1.2457223472234252e+03,
       -1.1430226967493107e+00, 8.1059480857340500e-03,
       -5.9565001424388045e-02, -1.0473574380499355e+02,
       -5.3588575874542670e+00, 1.2457301591473979e+03,
       -1.0618216694692300e+00, 3.9789605643137854e-02,
       -1.2027142953310423e-02, -1.1023380604021435e+02,
       -1.1871009873966386e+01, 1.2383164494638481e+03,
       -1.3736162229807219e-01, 1.3032736417508135e+00,
       1.0973525121372134e-01, 1.0346690289207321e+02,
       -5.5922005663395268e+01, 1.2208932152980885e+03,
       -1.5897402098427707e-01, 1.1379010610893889e+00,
       1.3222906672793627e-01, 7.4303283204006235e+01,
       -9.5072860021761770e+01, 1.1805607386216025e+03,
       -1.9394848270156176e-01, 8.5845720234107747e-01,
       1.6588501266731848e-01, 3.2767819203753966e+01,
       -9.3638354224378574e+01, 1.1461437699740550e+03,
       -1.8087018565155105e-01, 7.7170130770122924e-01,
       1.6541217397809604e-01, -9.1171887126690009e+01,
       -8.4956205292219664e+01, 1.1309377716087215e+03,
       -2.1924873895838873e-01, 4.3042567206951343e-01,
       1.6656156790352786e-01, -1.4294805647051479e+02,
       -1.0720055164382978e+02, 1.1023558206792991e+03,
       -2.1074756499461508e-01, 1.4783403642035331e-01,
       1.7234260478244254e-01, -1.4979772010433635e+02,
       -1.2801767091037681e+02, 1.0635304979110235e+03,
       -1.6192267696307622e-01, -7.9585346707927329e-01,
       2.8947139701024274e-02, -2.3161826313356056e+02,
       -1.0464214277131342e+02, 8.9716235493717511e+02,
       -4.3221303351974369e-02, -1.1407184054507571e+00,
       -6.2954885884977342e-03, -1.9008704935674831e+02,
       -8.4087016509754363e+01, 8.1479420797183172e+02,
       -1.1416252281093441e-01, -8.4063509276255810e-01,
       -1.1883719105067936e-02, -2.2724577648560862e+02,
       -1.0972348712885976e+02, 8.5702355914476118e+02,
       -2.4012767407965105e-01, -3.2777434741241829e-01,
       -9.1366397937556864e-03, -2.4382005520467183e+02,
       -1.1668910813614765e+02, 9.7418155014922388e+02,
       7.0564846121374869e-01, -1.0270907624636888e-01,
       5.4351736521595112e-02, -1.3275881170547908e+02,
       4.4774376264103157e+00, 9.0667672247464782e+02,
       8.8279856578517857e-01, 1.9957378142017534e-02,
       6.7301844507991662e-02, -1.7072542183891795e+02,
       -5.0997349834898728e+01, 9.1776469141455050e+02,
       9.7670688620994983e-01, 2.3202562333513817e-02,
       5.7289240965375722e-02, -1.6971263714885723e+02,
       -5.1526263950969714e+01, 9.3767926500917417e+02,
       8.4480019510172899e-01, -8.5027056729132511e-04,
       5.6556559502546649e-02, -1.6825244741489851e+02,
       -8.6869273248895126e+01, 9.5785542797949563e+02,
       5.5305331735968977e-01, 5.7442625216931522e-03,
       8.6943604818071799e-02, -1.7973524603148871e+02,
       -1.4138688421473725e+02, 9.8543534155163979e+02,
       3.1272719733342513e-01, -1.4704283737175373e-02,
       7.7160434558327357e-02, -1.7821145322638984e+02,
       -1.7853622344858988e+02, 1.0152998190961276e+03,
       -2.7458928901091145e-01, -3.1232414683841039e-02,
       6.3817060371445758e-02, -1.5340294428868435e+02,
       -1.9002686881891154e+02, 1.0637258849645325e+03,
       -7.5735676269245589e-01, -2.6768798001255013e-02,
       4.3900045957541399e-02, -1.6072141489409049e+02,
       -1.4370094606387741e+02, 1.1152006541936248e+03,
       -9.6965566353557231e-01, -7.7183744398813519e-03,
       1.4896388377591703e-02, -1.7578321961850557e+02,
       -3.8501583405473980e+01, 1.2162796072594851e+03 ]
